"","E_Scblty","E_Assert","E_EnerLev","A_Cmpn","A_Rspct","A_Trust","C_Org","C_Prdctv","C_Rspnbl","N_Anxty","N_Depr","N_EmoVol","O_IntCur","O_AesSens","O_CrtvImag","tired","angry","E_Scbltylag","E_Assertlag","E_EnerLevlag","A_Cmpnlag","A_Rspctlag","A_Trustlag","C_Orglag","C_Prdctvlag","C_Rspnbllag","N_Anxtylag","N_Deprlag","N_EmoVollag","O_IntCurlag","O_AesSenslag","O_CrtvImaglag","tiredlag","angrylag"
"E_Scblty",0,0,0,0.1768,0,0,0,0.2178,0,0.145,0,0,0,0,0,0.3378,0,0.1205,0,0,0,0,0,0.1747,0,0,0,0,0,0,0,0,0,0
"E_Assert",0,0,0,0.09,0,0,0,0.0873,0,0.0605,0.0884,0,0,0.0941,0.1591,0,0,0,0.1163,0,0,0.142,0,0,0.1083,0.0415,0,0,0,0,0,0,0,0
"E_EnerLev",0.1121,0,0,0.1921,0,0,0,0,0.1906,0,0.255,0.3048,0,0,0.447,0,0,0,0,0.1892,0,0.3364,0,0,0,0,0,0.3419,0.3044,0,0.242,0,0.2597,0.228
"A_Cmpn",0,0,0,0,0,0,0.119,0,0,0,0,0,0,0,0,0,0.1351,0,0.1214,0,0.1034,0,0,0,0,0,0,0.1433,0,0,0,0.1599,0,0
"A_Rspct",0,0,0,0,0,0,0,0.0784,0,0,0.0749,0,0,0,0.1097,0.1265,0,0,0.0871,0,0,0.1162,0,0.074,0,0,0,0,0,0,0,0,0,0
"A_Trust",0,0.1018,0,0.0726,0.1214,0,0.0853,0,0,0,0.0929,0,0.0564,0,0.1102,0.1231,0,0.0402,0.1056,0,0,0.1214,0.0961,0,0.103,0.0396,0,0,0,0.0558,0.0782,0,0.0875,0
"C_Org",0,0.1515,0.0953,0,0,0.2641,0,0,0,0.0997,0,0,0,0,0,0,0,0,0,0,0,0,0,0.1331,0,0,0,0,0,0,0,0,0.1872,0
"C_Prdctv",0,0,0,0,0,0,0,0,0,0,0,0.1485,0.0868,0.1074,0,0.1727,0,0,0.1103,0,0,0,0,0,0.129,0.0506,0.0694,0,0,0,0,0.1486,0.1282,0
"C_Rspnbl",0,0,0.3062,0.2871,0.5178,0,0,0,0,0,0.2898,0,0.2304,0.4224,0.5317,0.5698,0,0,0,0.2035,0,0,0.4227,0,0.3629,0.1532,0.2142,0,0,0,0,0.5453,0,0.4129
"N_Anxty",0,0,0.0912,0,0,0,0,0,0,0,0,0,0,0.1561,0,0.2199,0,0,0.1556,0,0,0,0,0,0,0,0.1025,0,0,0,0,0,0,0
"N_Depr",0,0,0,0,0,0.1514,0,0,0,0,0,0,0,0,0,0,0,0,0,0,0,0,0.1203,0,0,0,0,0.1268,0,0,0,0,0,0
"N_EmoVol",0,0,0,0,0,0.0954,0,0,0,0.0457,0.065,0,0,0,0,0.1083,0,0,0,0,0,0,0,0,0.0753,0,0,0,0.1184,0.0516,0.0787,0.1012,0.0914,0.0768
"O_IntCur",0.101,0,0,0,0,0,0,0,0,0.1507,0.209,0.2904,0,0,0,0,0.4157,0,0,0,0,0,0,0,0,0.0944,0,0,0,0.1406,0,0.2784,0,0
"O_AesSens",0,0,0,0,0,0,0,64.6089,40.7291,0,0,0,131.4653,0,0,0,210.6461,0,100.4372,0,0,0,0,0,0,0,0,0,0,0,34.3715,0,0,75.3055
"O_CrtvImag",0,0.1509,0,0,0,0,0,0,0.0804,0,0,0,0,0,0,0.2122,0,0,0,0,0,0.1528,0,0,0,0,0,0,0,0,0,0.1506,0,0
"angry",0,0,0,0,0,0.3247,0,0,0.0941,0,0,0,0.135,0.4467,0,0,0,0,0.1625,0,0,0.3872,0.3103,0,0,0,0,0,0,0.1335,0,0,0.1954,0.2724
"tired",0.0252,0.0657,0.052,0.0508,0.0862,0.0861,0,0,0,0.0376,0.0394,0,0,0.057,0.0844,0,0.0694,0,0.0688,0,0,0.0958,0.0594,0,0,0,0.034,0,0,0.0358,0,0,0.0942,0
